2 2 2 2 2 2 2 2 2 2 2 2 2 2 2 2
2 2 1 1 1 1 2 2 2 2 2 2 2 2 2 2 
2 1 1 R 3 1 1 1 2 2 2 2 1 2 2 2  
2 2 1 1 3 3 3 1 1 2 2 1 1 1 2 2
2 2 2 1 1 1 3 3 1 1 1 1 P 1 2 2 
2 2 2 2 1 1 1 3 1 1 1 1 1 2 2 2 
2 2 2 1 1 3 3 3 3 3 1 1 1 2 2 2
2 2 1 1 1 3 1 1 1 3 3 1 1 2 2 2 
2 2 1 1 1 3 1 2 2 1 3 3 1 1 2 2 
2 2 1 1 1 1 1 2 2 2 1 3 1 1 2 2
2 2 2 1 1 1 2 2 2 1 1 3 1 1 2 2 
2 2 2 2 2 2 1 1 1 1 3 3 1 1 2 2
2 2 2 2 1 1 3 3 3 3 3 1 1 2 2 2
2 2 2 1 1 3 3 1 1 1 1 1 1 2 2 2 
2 2 1 1 3 3 1 1 2 2 1 1 1 1 2 2 
2 1 1 3 3 1 2 2 2 2 1 P 1 1 2 2
2 1 1 3 1 2 2 2 2 2 2 1 1 2 2 2 
2 1 1 3 1 1 2 2 2 2 2 2 2 2 2 2 
2 2 1 3 3 3 1 1 2 2 2 2 2 2 2 2
2 2 2 1 1 3 3 3 1 1 1 1 1 2 2 2 
2 2 1 1 1 1 1 3 3 3 3 3 1 1 2 2 
2 1 P 1 2 2 1 1 1 1 1 3 B 1 2 2
2 2 1 2 2 2 2 2 2 2 1 1 1 1 2 2
2 2 2 2 2 2 2 2 2 2 2 2 2 2 2 2  
