2 2 2 2 2 2 2 2 2 2 2 2 2 2 2 2 
2 2 2 1 1 1 2 2 2 2 2 2 2 2 2 2  
2 2 1 1 G 1 1 2 2 2 2 2 2 2 2 2   
2 1 1 3 3 1 2 2 2 2 2 2 2 2 2 2 
2 1 1 3 1 1 2 2 2 2 1 1 1 2 2 2  
2 2 1 3 1 1 1 2 2 1 1 1 1 1 2 2  
2 2 1 3 3 1 1 1 1 2 1 F 1 1 2 2
2 2 1 1 3 3 3 3 1 1 1 1 1 2 2 2  
2 1 1 1 1 1 1 3 3 3 1 1 2 2 2 2  
2 1 F 1 1 2 2 1 1 3 3 1 1 2 2 2 
2 2 1 1 2 2 2 2 1 1 3 3 1 1 2 2  
2 2 2 2 2 2 2 2 2 1 1 3 3 1 2 2  
2 2 2 1 1 2 2 2 2 2 1 1 3 1 2 2 
2 2 1 1 1 1 2 2 2 1 1 3 3 1 2 2  
2 1 1 1 3 1 1 1 1 1 3 3 1 1 2 2  
2 2 1 1 3 3 3 3 1 3 3 1 1 2 2 2 
2 2 2 1 1 1 1 3 3 3 1 1 2 2 2 2  
2 2 2 2 1 1 1 3 1 1 1 1 2 2 2 2 
2 2 2 2 2 1 3 3 1 2 1 1 1 2 2 2 
2 2 2 2 1 3 3 1 2 1 1 F 1 2 2 2  
2 2 2 1 3 3 1 1 2 1 1 1 1 2 2 2  
2 2 1 1 B 1 1 2 2 2 1 1 2 2 2 2 
2 2 2 1 1 1 2 2 2 2 2 2 2 2 2 2  
2 2 2 2 2 2 2 2 2 2 2 2 2 2 2 2 
