2 2 2 2 2 2 2 2 2 2 2 2 2 2 2 2
2 1 1 1 2 2 2 2 2 2 2 1 1 1 2 2 
2 1 1 1 1 2 2 2 2 1 1 1 I 1 2 2 
2 1 1 3 3 1 2 1 1 1 1 1 1 1 2 2 
2 1 1 1 3 1 1 1 3 3 3 1 2 2 2 2 
2 2 1 1 3 3 1 3 3 1 3 3 1 2 2 2
2 2 2 1 1 3 3 3 1 1 1 3 1 1 2 2 
2 2 1 1 1 1 1 1 2 2 1 3 1 1 2 2 
2 1 1 1 2 2 2 2 2 2 1 3 1 1 2 2 
2 1 I 1 2 2 2 2 2 1 1 3 1 1 2 2 
2 2 1 2 1 1 1 1 1 1 3 3 1 1 2 2 
2 2 2 1 1 3 3 3 3 3 3 1 1 2 2 2 
2 2 1 1 3 3 1 1 1 1 1 1 1 2 2 2 
2 1 1 3 3 1 1 1 1 1 1 1 1 1 2 2 
2 1 3 3 1 1 2 2 2 2 2 1 I 1 2 2 
2 1 3 1 1 2 2 2 2 2 2 1 1 1 2 2 
2 1 3 3 1 1 1 2 2 2 2 2 1 2 2 2 
2 1 1 3 3 1 1 1 1 2 2 2 2 2 2 2 
2 1 1 3 3 3 3 3 1 1 1 2 2 2 2 2 
2 1 1 3 1 1 1 3 3 3 1 1 1 2 2 2  
2 1 1 3 1 2 1 1 1 3 3 3 1 1 2 2  
2 1 1 R 1 2 2 2 1 1 1 G 1 1 2 2 
2 2 1 1 1 2 2 2 2 2 1 1 1 2 2 2  
2 2 2 2 2 2 2 2 2 2 2 2 2 2 2 2  
 